name: deep-relevance-ranking-gpu
channels:
  - defaults
dependencies:
  - _libgcc_mutex=0.1=main
  - absl-py=0.7.0=py36_0
  - asn1crypto=0.24.0=py36_0
  - astor=0.7.1=py36_0
  - backcall=0.1.0=py36_0
  - blas=1.0=mkl
  - bleach=1.5.0=py36_0
  - boto=2.49.0=py36_0
  - boto3=1.9.82=py_0
  - botocore=1.12.82=py_0
  - c-ares=1.15.0=h7b6447c_1
  - ca-certificates=2019.5.15=1
  - certifi=2019.6.16=py36_1
  - cffi=1.11.5=py36he75722e_1
  - chardet=3.0.4=py36_1
  - cryptography=2.5=py36h1ba5d50_0
  - cudatoolkit=8.0=3
  - cudnn=7.0.5=cuda8.0_0
  - cupti=8.0.61=0
  - decorator=4.3.2=py36_0
  - docutils=0.14=py36_0
  - entrypoints=0.3=py36_0
  - gast=0.2.2=py36_0
  - gensim=3.3.0=py36h3010b51_0
  - gmp=6.1.2=h6c8ec71_1
  - grpcio=1.16.1=py36hf8bcb03_1
  - h5py=2.9.0=py36h7918eee_0
  - hdf5=1.10.4=hb1b8bf9_0
  - html5lib=0.9999999=py36_0
  - idna=2.8=py36_0
  - intel-openmp=2019.1=144
  - ipykernel=5.1.0=py36h39e3cac_0
  - ipython=7.3.0=py36h39e3cac_0
  - ipython_genutils=0.2.0=py36_0
  - jedi=0.13.3=py36_0
  - jinja2=2.10=py36_0
  - jmespath=0.9.3=py36_0
  - jsonschema=2.6.0=py36_0
  - jupyter_client=5.2.4=py36_0
  - jupyter_core=4.4.0=py36_0
  - jupyterlab=0.35.3=py36_0
  - jupyterlab_server=0.2.0=py36_0
  - keras=2.1.4=py36_0
  - libedit=3.1.20170329=h6b74fdf_2
  - libffi=3.2.1=hd88cf55_4
  - libgcc-ng=8.2.0=hdf63c60_1
  - libgfortran-ng=7.3.0=hdf63c60_0
  - libprotobuf=3.6.1=hd408876_0
  - libsodium=1.0.16=h1bed415_0
  - libstdcxx-ng=8.2.0=hdf63c60_1
  - markdown=3.0.1=py36_0
  - markupsafe=1.1.1=py36h7b6447c_0
  - mistune=0.8.4=py36h7b6447c_0
  - mkl=2018.0.3=1
  - nbconvert=5.3.1=py36_0
  - nbformat=4.4.0=py36_0
  - ncurses=6.1=he6710b0_1
  - nltk=3.2.5=py36h7532b22_0
  - notebook=5.7.4=py36_0
  - numpy=1.14.0=py36ha266831_2
  - numpy-base=1.15.0=py36h1793315_0
  - openssl=1.1.1d=h7b6447c_1
  - pandoc=2.2.3.2=0
  - pandocfilters=1.4.2=py36_1
  - parso=0.3.4=py36_0
  - pexpect=4.6.0=py36_0
  - pickleshare=0.7.5=py36_0
  - pip=19.0.1=py36_0
  - prometheus_client=0.6.0=py36_0
  - prompt_toolkit=2.0.9=py36_0
  - protobuf=3.6.1=py36he6710b0_0
  - ptyprocess=0.6.0=py36_0
  - pycosat=0.6.3=py36h14c3975_0
  - pycparser=2.19=py36_0
  - pygments=2.3.1=py36_0
  - pyopenssl=19.0.0=py36_0
  - pysocks=1.6.8=py36_0
  - python=3.6.8=h0371630_0
  - python-dateutil=2.7.5=py36_0
  - pyyaml=3.13=py36h14c3975_0
  - pyzmq=18.0.0=py36he6710b0_0
  - readline=7.0=h7b6447c_5
  - requests=2.21.0=py36_0
  - ruamel_yaml=0.15.46=py36h14c3975_0
  - s3transfer=0.1.13=py36_0
  - scikit-learn=0.20.1=py36h4989274_0
  - scipy=1.1.0=py36hd20e5f9_0
  - send2trash=1.5.0=py36_0
  - setuptools=40.7.3=py36_0
  - six=1.12.0=py36_0
  - smart_open=1.8.0=py36_0
  - sqlite=3.26.0=h7b6447c_0
  - tensorboard=1.7.0=py36hf484d3e_1
  - tensorflow=1.5.0=0
  - tensorflow-base=1.5.0=py36hff88cb2_1
  - tensorflow-gpu=1.5.0=0
  - tensorflow-gpu-base=1.5.0=py36had95abb_0
  - tensorflow-tensorboard=1.5.1=py36hf484d3e_1
  - termcolor=1.1.0=py36_1
  - terminado=0.8.1=py36_1
  - testpath=0.4.2=py36_0
  - tk=8.6.8=hbc83047_0
  - tornado=5.1.1=py36h7b6447c_0
  - tqdm=4.19.5=py36_0
  - traitlets=4.3.2=py36_0
  - urllib3=1.24.1=py36_0
  - wcwidth=0.1.7=py36_0
  - werkzeug=0.14.1=py36_0
  - wheel=0.32.3=py36_0
  - xz=5.2.4=h14c3975_4
  - yaml=0.1.7=had09818_2
  - zeromq=4.3.1=he6710b0_3
  - zlib=1.2.11=h7b6447c_3
  - pip:
    - cython==0.29.5
    - dynet==2.1
prefix: /home/francisco/miniconda3/envs/deep-relevance-ranking-gpu

